1 0
2 0
3 0
4 0
5 0
6 0
7 0
8 0
9 0
10 0
11 0
12 0
13 0
14 0
15 0
16 0
17 0
18 0
19 0
20 0
21 0
22 0
23 0
24 0
25 0
26 0
27 0
28 0
29 0
30 0
31 0
32 0
33 0
34 0
35 0
36 0
37 0
38 0
39 0
40 0
41 0
42 0
43 0
44 0
45 0
46 0
47 0
48 0
49 0
50 0
51 0
52 0
53 0
54 0
55 0
56 0
57 0
58 0
59 0
60 1
61 1
62 2
63 3
64 3
65 3
66 3
67 3
68 3
69 2
70 3
71 4
72 4
73 3
74 2
75 1
76 1
77 1
78 2
79 2
80 2
81 3
82 3
83 4
84 4
85 4
86 3
87 3
88 3
89 4
90 4
91 4
92 3
93 4
94 4
95 4
96 3
97 3
98 3
99 4
100 4
101 4
102 3
103 4
104 4
105 4
106 3
107 3
108 3
109 4
110 4
111 4
112 3
113 4
114 4
115 4
116 3
117 3
118 4
119 4
120 4
121 3
122 2
123 2
124 2
125 3
126 3
127 3
128 4
129 5
130 6
131 6
132 6
133 5
134 4
135 4
136 5
137 6
138 6
139 6
140 5
141 6
142 6
143 6
144 5
145 6
146 6
147 6
148 5
149 6
150 6
151 6
152 5
153 6
154 6
155 7
156 7
157 7
158 6
159 5
160 4
161 4
162 4
163 5
164 5
165 5
166 5
167 5
168 5
169 5
170 6
171 6
172 6
173 6
174 6
175 6
176 6
177 5
178 6
179 6
180 5
181 4
182 4
183 5
184 6
185 6
186 6
187 6
188 6
189 5
190 5
191 6
192 7
193 7
194 7
195 7
196 6
197 7
198 7
199 6
200 5
201 4
202 3
203 3
204 3
205 4
206 5
207 6
208 6
209 6
210 5
211 5
212 5
213 5
214 4
215 4
216 5
217 6
218 7
219 8
220 8
221 9
222 9
223 8
224 7
225 8
226 9
227 9
228 9
229 8
230 8
231 7
232 6
233 6
234 7
235 8
236 8
237 8
238 7
239 8
240 8
241 8
242 7
243 6
244 6
245 7
246 7
247 8
248 8
249 8
250 8
251 8
252 8
253 7
254 6
255 5
256 4
257 3
258 3
259 3
260 4
261 5
262 6
263 6
264 6
265 5
266 4
267 4
268 4
269 5
270 6
271 7
272 8
273 8
274 8
275 7
276 8
277 8
278 8
279 7
280 8
281 8
282 9
283 10
284 10
285 10
286 9
287 9
288 8
289 7
290 8
291 8
292 8
293 7
294 8
295 8
296 8
297 7
298 8
299 8
300 9
301 9
302 9
303 8
304 7
305 8
306 8
307 9
308 9
309 9
310 8
311 7
312 6
313 7
314 8
315 8
316 8
317 8
318 8
319 7
320 7
321 8
322 8
323 8
324 8
325 8
326 8
327 8
328 8
329 7
330 7
331 7
332 7
333 7
334 7
335 7
336 7
337 6
338 5
339 5
340 6
341 7
342 7
343 7
344 6
345 7
346 7
347 7
348 7
349 7
350 7
351 7
352 7
353 7
354 7
355 7
356 7
357 7
358 7
359 7
360 7
361 7
362 7
363 7
364 7
365 7
366 7
367 7
368 7
369 7
370 8
371 8
372 8
373 7
374 7
375 7
376 7
377 7
378 7
379 7
380 7
381 7
382 7
383 6
384 5
385 4
386 4
387 4
388 5
389 6
390 7
391 7
392 7
393 6
394 6
395 5
396 5
397 6
398 7
399 8
400 8
401 9
402 9
403 9
404 9
405 9
406 9
407 8
408 7
409 7
410 7
411 7
412 7
413 7
414 7
415 7
416 7
417 7
418 6
419 5
420 5
421 6
422 6
423 6
424 6
425 6
426 6
427 6
428 6
429 6
430 6
431 6
432 6
433 6
434 6
435 6
436 6
437 6
438 7
439 7
440 7
441 6
442 6
443 6
444 6
445 6
446 6
447 6
448 6
449 6
450 6
451 6
452 6
453 6
454 6
455 6
456 7
457 7
458 7
459 6
460 6
461 6
462 6
463 6
464 6
465 6
466 6
467 6
468 6
469 6
470 6
471 6
472 6
473 6
474 7
475 7
476 7
477 6
478 6
479 6
480 6
481 6
482 6
483 6
484 6
485 6
486 6
487 6
488 6
489 6
490 6
491 6
492 7
493 8
494 9
495 9
496 9
497 8
498 9
499 10
500 10
501 10
502 9
503 10
504 10
505 10
506 9
507 10
508 10
509 10
510 9
511 8
512 7
513 7
514 7
515 8
516 9
517 9
518 9
519 8
520 9
521 10
522 10
523 10
524 10
525 10
526 10
527 11
528 11
529 10
530 10
531 11
532 11
533 11
534 10
535 10
536 10
537 10
538 10
539 9
540 8
541 7
542 6
543 6
544 6
545 6
546 6
547 6
548 6
549 6
550 6
551 6
552 6
553 6
554 6
555 6
556 6
557 6
558 6
559 5
560 4
561 3
562 3
563 4
564 4
565 4
566 4
567 4
568 4
569 3
570 3
571 3
572 3
573 2
574 2
575 2
576 2
577 3
578 4
579 5
580 5
581 5
582 4
583 3
584 3
585 4
586 4
587 4
588 4
589 4
590 4
591 4
592 4
593 4
594 3
595 3
596 4
597 5
598 5
599 5
600 4
601 4
602 5
603 5
604 5
605 4
606 4
607 5
608 6
609 6
610 6
611 6
612 6
613 7
614 7
615 7
616 6
617 5
618 4
619 3
620 4
621 5
622 5
623 5
624 4
625 3
626 2
627 2
628 2
629 3
630 4
631 4
632 4
633 3
634 3
635 4
636 4
637 4
638 3
639 3
640 4
641 4
642 5
643 6
644 6
645 5
646 5
647 5
648 5
649 6
650 6
651 6
652 5
653 5
654 5
655 5
656 4
657 4
658 4
659 5
660 6
661 6
662 5
663 5
664 5
665 5
666 6
667 7
668 7
669 7
670 6
671 7
672 8
673 8
674 8
675 7
676 8
677 8
678 8
679 7
680 6
681 7
682 8
683 8
684 8
685 7
686 8
687 8
688 8
689 7
690 6
691 7
692 7
693 6
694 5
695 5
696 5
697 5
698 5
699 4
700 3
701 3
702 3
703 4
704 4
705 5
706 6
707 6
708 5
709 5
710 5
711 5
712 5
713 5
714 4
715 3
716 2
717 1
718 1
719 1
720 2
721 3
722 3
723 3
724 2
725 2
726 3
727 3
728 3
729 3
730 3
731 3
732 3
733 3
734 4
735 4
736 4
737 4
738 4
739 4
740 4
741 4
742 3
743 2
744 1
745 1
746 1
747 2
748 3
749 3
750 3
751 2
752 2
753 3
754 3
755 3
756 3
757 4
758 4
759 4
760 4
761 4
762 4
763 3
764 2
765 1
766 1
767 1
768 2
769 3
770 3
771 2
772 1
773 1
774 0
775 -1
776 -2
777 -2
778 -2
779 -2
780 -2
781 -2
782 -2
783 -2
784 -2
785 -2
786 -2
787 -2
788 -2
789 -2
790 -2
791 -2
792 -2
793 -2
794 -2
795 -2
796 -2
797 -2
798 -2
799 -2
800 -2
801 -2
802 -2
803 -2
804 -2
805 -2
806 -2
807 -2
808 -2
809 -2
810 -2
811 -2
812 -2
813 -2
814 -2
815 -2
816 -2
817 -2
818 -2
819 -2
820 -2
821 -2
822 -2
823 -2
824 -2
825 -2
826 -2
827 -2
828 -2
829 -2
830 -2
831 -2
832 -2
833 -2
834 -2
835 -2
836 -2
837 -2
838 -2
839 -2
840 -2
841 -2
842 -2
843 -2
844 -2
845 -2
846 -2
847 -2
848 -2
849 -2
850 -2
851 -2
852 -2
853 -2
854 -2
855 -2
856 -2
857 -2
858 -2
859 -2
860 -2
861 -2
862 -2
863 -2
864 -2
865 -2
866 -2
867 -2
868 -2
869 -2
870 -2
871 -2
872 -2
873 -2
874 -2
875 -2
876 -2
877 -2
878 -2
879 -2
880 -2
881 -2
882 -2
883 -2
884 -2
885 -2
886 -2
887 -2
888 -2
889 -2
890 -2
891 -2
892 -2
893 -2
894 -2
895 -2
896 -2
897 -2
898 -2
899 -2
900 -2
901 -2
902 -2
903 -2
904 -2
905 -2
906 -2
907 -2
908 -2
909 -2
910 -2
911 -2
912 -2
913 -2
914 -2
915 -2
916 -2
917 -2
918 -2
919 -2
920 -2
921 -2
922 -2
923 -2
924 -2
925 -2
926 -2
927 -2
928 -2
929 -2
930 -2
931 -2
932 -2
933 -2
934 -2
935 -2
936 -2
937 -2
938 -2
939 -2
940 -2
941 -2
942 -2
943 -2
944 -2
945 -2
946 -2
947 -2
948 -2
949 -2
950 -2
951 -2
952 -2
953 -2
954 -2
955 -2
956 -2
957 -2
958 -2
959 -2
960 -2
961 -2
962 -2
963 -2
964 -2
965 -2
966 -2
967 -2
968 -2
969 -2
970 -2
971 -2
972 -2
973 -2
974 -2
975 -2
976 -2
977 -2
978 -2
979 -2
980 -2
981 -2
982 -2
983 -2
984 -2
985 -2
986 -2
987 -2
988 -2
989 -2
990 -2
991 -2
992 -2
993 -2
994 -2
995 -2
996 -2
997 -2
998 -2
999 -2
1000 -2
1001 -2
1002 -2
1003 -2
1004 -2
1005 -2
1006 -2
1007 -2
1008 -2
1009 -2
1010 -2
1011 -2
1012 -2
1013 -2
1014 -2
1015 -2
1016 -2
1017 -2
1018 -2
1019 -2
1020 -2
1021 -2
1022 -2
1023 -2
1024 -2
1025 -2
1026 -2
1027 -2
1028 -2
1029 -2
1030 -2
1031 -2
1032 -2
1033 -2
1034 -2
1035 -2
1036 -2
1037 -2
1038 -2
1039 -2
1040 -2
1041 -2
1042 -2
1043 -2
1044 -2
1045 -2
1046 -2
1047 -2
1048 -2
1049 -2
1050 -2
1051 -2
1052 -2
1053 -2
1054 -2
1055 -2
1056 -2
1057 -2
1058 -2
1059 -2
1060 -2
1061 -2
1062 -2
1063 -2
1064 -2
1065 -2
1066 -2
1067 -2
1068 -2
1069 -2
1070 -2
1071 -2
1072 -2
1073 -2
1074 -2
1075 -2
1076 -2
1077 -2
1078 -2
1079 -2
1080 -2
1081 -2
1082 -2
1083 -2
1084 -2
1085 -2
1086 -2
1087 -2
1088 -2
1089 -2
1090 -2
1091 -2
1092 -2
1093 -2
1094 -2
1095 -2
1096 -2
1097 -2
1098 -2
1099 -2
1100 -2
1101 -2
1102 -2
1103 -2
1104 -2
1105 -2
1106 -2
1107 -2
1108 -2
1109 -2
1110 -2
1111 -2
1112 -2
1113 -2
1114 -2
1115 -2
1116 -2
1117 -2
1118 -2
1119 -2
1120 -2
1121 -2
1122 -2
1123 -2
1124 -2
1125 -2
1126 -2
1127 -2
1128 -2
1129 -2
1130 -2
1131 -2
1132 -2
1133 -2
1134 -2
1135 -2
1136 -2
1137 -2
1138 -2
1139 -2
1140 -2
1141 -2
1142 -2
1143 -2
1144 -2
1145 -2
1146 -2
1147 -2
1148 -2
1149 -2
1150 -2
1151 -2
1152 -2
1153 -2
1154 -2
1155 -2
1156 -2
1157 -2
1158 -2
1159 -2
1160 -2
1161 -2
1162 -2
1163 -2
1164 -2
1165 -2
1166 -2
1167 -2
1168 -2
1169 -2
1170 -2
1171 -2
1172 -2
1173 -2
1174 -2
1175 -2
1176 -2
1177 -2
1178 -2
1179 -2
1180 -2
1181 -2
1182 -2
1183 -2
1184 -2
1185 -2
1186 -2
1187 -2
1188 -2
1189 -2
1190 -2
1191 -2
1192 -2
1193 -2
1194 -2
1195 -2
1196 -2
1197 -2
1198 -2
1199 -2
1200 -2
1201 -2
1202 -2
1203 -2
1204 -2
1205 -2
1206 -2
1207 -2
1208 -2
1209 -2
1210 -2
1211 -2
1212 -2
1213 -2
1214 -2
1215 -2
1216 -2
1217 -2
1218 -2
1219 -2
1220 -2
1221 -2
1222 -2
1223 -2
1224 -2
1225 -2
1226 -2
1227 -2
1228 -2
1229 -2
1230 -2
1231 -2
1232 -2
1233 -2
1234 -2
1235 -2
1236 -2
1237 -2
1238 -2
1239 -2
1240 -2
1241 -2
1242 -2
1243 -2
1244 -2
1245 -2
1246 -2
1247 -2
1248 -2
1249 -2
1250 -2
1251 -2
1252 -2
1253 -2
1254 -2
1255 -2
1256 -2
1257 -2
1258 -2
1259 -2
1260 -2
1261 -2
1262 -2
1263 -2
1264 -2
1265 -2
1266 -2
1267 -2
1268 -2
1269 -2
1270 -2
1271 -2
1272 -2
1273 -2
1274 -2
1275 -2
1276 -2
1277 -2
1278 -2
1279 -2
1280 -2
1281 -2
1282 -2
1283 -2
1284 -2
1285 -2
1286 -2
1287 -2
1288 -2
1289 -2
1290 -2
1291 -2
1292 -2
1293 -2
1294 -2
1295 -2
1296 -2
1297 -2
1298 -2
1299 -2
1300 -2
1301 -2
1302 -2
1303 -2
1304 -2
1305 -2
1306 -2
1307 -2
1308 -2
1309 -2
1310 -2
1311 -2
1312 -2
1313 -2
1314 -2
1315 -2
1316 -2
1317 -2
1318 -2
1319 -2
1320 -2
1321 -2
1322 -2
1323 -2
1324 -2
1325 -2
1326 -2
1327 -2
1328 -2
1329 -2
1330 -2
1331 -2
1332 -2
1333 -2
1334 -2
1335 -2
1336 -2
1337 -2
1338 -2
1339 -2
1340 -2
1341 -2
1342 -2
1343 -2
1344 -2
1345 -2
1346 -2
1347 -2
1348 -2
1349 -2
1350 -2
1351 -2
1352 -2
1353 -2
1354 -2
1355 -2
1356 -2
1357 -2
1358 -2
1359 -2
1360 -2
1361 -2
1362 -2
1363 -2
1364 -2
1365 -2
1366 -2
1367 -2
1368 -2
1369 -2
1370 -2
1371 -2
1372 -2
1373 -2
1374 -2
1375 -2
1376 -2
1377 -2
1378 -2
1379 -2
1380 -2
1381 -2
1382 -2
1383 -2
1384 -2
1385 -2
1386 -2
1387 -2
1388 -2
1389 -2
1390 -2
1391 -2
1392 -2
1393 -2
1394 -2
1395 -2
1396 -2
1397 -2
1398 -2
1399 -2
1400 -2
1401 -2
1402 -2
1403 -2
1404 -2
1405 -2
1406 -2
1407 -2
1408 -2
1409 -2
1410 -2
1411 -2
1412 -2
1413 -2
1414 -2
1415 -2
1416 -2
1417 -2
1418 -2
1419 -2
1420 -2
1421 -2
1422 -2
1423 -2
1424 -2
1425 -2
1426 -2
1427 -2
1428 -2
1429 -2
1430 -2
1431 -2
1432 -2
1433 -2
1434 -2
1435 -2
1436 -2
1437 -2
1438 -2
1439 -2
1440 -2
1441 -2
1442 -2
1443 -2
1444 -2
1445 -2
1446 -2
1447 -2
1448 -2
1449 -2
1450 -2
1451 -2
1452 -2
1453 -2
1454 -2
1455 -2
1456 -2
1457 -2
1458 -2
1459 -2
1460 -2
1461 -2
1462 -2
1463 -2
1464 -2
1465 -2
1466 -2
1467 -2
1468 -2
1469 -2
1470 -2
1471 -2
1472 -2
1473 -2
1474 -2
1475 -2
1476 -2
1477 -2
1478 -2
1479 -2
1480 -2
1481 -2
1482 -2
1483 -2
1484 -2
1485 -2
1486 -2
1487 -2
1488 -2
1489 -2
1490 -2
1491 -2
1492 -2
1493 -2
1494 -2
1495 -2
1496 -2
1497 -2
1498 -2
1499 -2
1500 -2
1501 -2
1502 -2
1503 -2
1504 -2
1505 -2
1506 -2
1507 -2
1508 -2
1509 -2
1510 -2
1511 -2
1512 -2
1513 -2
1514 -2
1515 -2
1516 -2
1517 -2
1518 -2
1519 -2
1520 -2
1521 -2
1522 -2
1523 -2
1524 -2
1525 -2
1526 -2
1527 -2
1528 -2
1529 -2
1530 -2
1531 -2
1532 -2
1533 -2
1534 -2
1535 -2
1536 -2
1537 -2
1538 -2
1539 -2
1540 -2
1541 -2
1542 -2
1543 -2
1544 -2
1545 -2
1546 -2
1547 -2
1548 -2
1549 -2
1550 -2
1551 -2
1552 -2
1553 -2
1554 -2
1555 -2
1556 -2
1557 -2
1558 -2
1559 -2
1560 -2
1561 -2
1562 -2
1563 -2
1564 -2
1565 -2
1566 -2
1567 -2
1568 -2
1569 -2
1570 -2
1571 -2
1572 -2
1573 -2
1574 -2
1575 -2
1576 -2
1577 -2
1578 -2
1579 -2
1580 -2
1581 -2
1582 -2
1583 -2
1584 -2
1585 -2
1586 -2
1587 -2
1588 -2
1589 -2
1590 -2
1591 -2
1592 -2
1593 -2
1594 -2
1595 -2
1596 -2
1597 -2
1598 -2
1599 -2
1600 -2
1601 -2
1602 -2
1603 -2
1604 -2
1605 -2
1606 -2
1607 -2
1608 -2
1609 -2
1610 -2
1611 -2
1612 -2
1613 -2
1614 -2
1615 -2
1616 -2
1617 -2
1618 -2
1619 -2
1620 -2
1621 -2
1622 -2
1623 -2
1624 -2
1625 -2
1626 -2
1627 -2
1628 -2
1629 -2
1630 -2
1631 -2
1632 -2
1633 -2
1634 -2
1635 -2
1636 -2
1637 -2
1638 -2
1639 -2
1640 -2
1641 -2
1642 -2
1643 -2
1644 -2
1645 -2
1646 -2
1647 -2
1648 -2
1649 -2
1650 -2
1651 -2
1652 -2
1653 -2
1654 -2
1655 -2
1656 -2
1657 -2
1658 -2
1659 -2
1660 -2
1661 -2
1662 -2
1663 -2
1664 -2
1665 -2
1666 -2
1667 -2
1668 -2
1669 -2
1670 -2
1671 -2
1672 -2
1673 -2
1674 -2
1675 -2
1676 -2
1677 -2
1678 -2
1679 -2
1680 -2
1681 -2
1682 -2
1683 -2
1684 -2
1685 -2
1686 -2
1687 -2
1688 -2
1689 -2
1690 -2
1691 -2
1692 -2
1693 -2
1694 -2
1695 -2
1696 -2
1697 -2
1698 -2
1699 -2
1700 -2
1701 -2
1702 -2
1703 -2
1704 -2
1705 -2
1706 -2
1707 -2
1708 -2
1709 -2
1710 -2
1711 -2
1712 -2
1713 -2
1714 -2
1715 -2
1716 -2
1717 -2
1718 -2
1719 -2
1720 -2
1721 -2
1722 -2
1723 -2
1724 -2
1725 -2
1726 -2
1727 -2
1728 -2
1729 -2
1730 -2
1731 -2